% JSim data: Cin(t) units=mM;
Cin = [ 0 0 0 4.2704043952119676E-13 5.123282748803627E-11 3.990450993425895E-10 1.9677720448599253E-9 8.461117213062325E-9 1.856324287013374E-8 5.047869969949529E-8 1.1419115649939038E-7 1.88853566553295E-7 4.3278536972187195E-7 5.874969723226357E-7 1.1614943020239072E-6 2.0823206965091317E-6 3.860775484483004E-6 7.414360523187205E-6 7.432920274704665E-6 1.6823776325994464E-5 1.497223358367772E-5 3.1489556832638785E-5 4.9567232012953176E-5 7.862415613731668E-5 1.3248879749950702E-4 1.9604587020548655E-4 2.6505995408767984E-4 4.0797296150012744E-4 5.739437530121837E-4 7.405399010825301E-4 .0011139364148346905 .0012877174240649581 .0017243980458990266 .002469357499281966 .0035387898050380597 .005563636305580373 .005634369867005479 .0070865797053947036 .012769133127285465 .014853792178989491 .013581211363926577 .020113057293379838 .025318534925439447 .025115107248255827 .03337109786326364 .04398608649983764 .04381926650773321 .06445065737158201 .08142747353055245 .08087966561639624 .07269503999237804 .08343407944225802 .09667936663693791 .1147710230663667 .12120962215687442 .11218248261259926 .1589536752829917 .16560374675617057 .12459491815599469 .1460234642328614 .13379202895298076 .1530396355594236 .14412428106544628 .1495820280931581 .14496669694849434 .1820686269748312 .16588403864787205 .1565721888897702 .17246530994192666 .17235487824452728 .14698401641011438 .16538243329243324 .1720602380940925 .13107330324245978 .15826496339706236 .15657265762044598 .12490306960166205 .12529197599541872 .14236205983635672 .13768334193491047 .11947507392065582 .15686295710954715 .11579807942260893 .14015492751971909 .10359984849922121 .1258660546698144 .12084511799247671 .09490173845787081 .10287835216850655 .11805043188954358 .1015385763821216 .08704310865196883 .08653542687500944 .08774349978866586 .09403688684661245 .07298693860884008 .08417926343843964 .07313286379727975 .06886904540469119 .06147867841343226 .05757344540513792 ];
Cin__1 = 0:.1:10;

% JSim data: Cout(t) units=mM;
Cout = [ 0 0 0 1.768324889255174E-13 2.138838766187394E-11 1.8605127983060386E-10 9.769280568620317E-10 4.302981003005815E-9 1.1123821980354264E-8 2.8443236392818396E-8 6.77902337034625E-8 1.2458776959794768E-7 2.5592578738429944E-7 4.190778393372508E-7 7.196090200315774E-7 1.3340765503625237E-6 2.444563812260086E-6 4.63848996279077E-6 6.089680548920035E-6 9.985864205394741E-6 1.3033830549069327E-5 1.9121345409125556E-5 3.331661867522604E-5 5.269210354614569E-5 8.680006746822718E-5 1.3499872146355895E-4 1.8939423233326882E-4 2.766071273960159E-4 4.033865362538802E-4 5.39791222737714E-4 7.620835668054067E-4 9.857220237307798E-4 .0012371381517405885 .0017230016707825257 .002468451873227306 .003741332433838196 .004593137231902876 .005223213217003859 .008166196186113073 .01133774481099368 .011657595233069569 .013845420529693305 .018654255831503597 .02068454088497865 .024020616210116974 .03176983370220937 .03601268025950139 .04448813561727564 .059898735318108735 .06656806329764793 .06295637925222868 .06407860615530449 .07392564141166955 .08679756722697639 .09681274559131675 .09569014144400806 .11139062634215674 .13314331506312846 .11886336712151309 .11107844346251493 .11471805848004298 .11771972581904404 .12184656986967962 .12048504480635426 .12079088644196523 .1342795668681499 .14264892751899438 .13221864138045614 .13501722284302142 .14142745440154764 .13087681645419036 .12818946504301373 .13842830517529653 .12416868876294056 .11877909722610053 .12912388356487667 .11532244162357692 .10261894933042841 .10984545094120886 .11484210340167848 .10540172446372022 .11348721476960227 .11167009371669596 .10507497817899221 .09983196306208075 .09420306663987099 .10116873214449103 .08838632029576192 .08115085819979233 .09067362824932944 .08999932570057995 .07728962401393925 .0711911809456795 .0714852040113001 .07458195500271723 .06842185861613008 .06450575061677993 .06447800982362548 .05822524346146543 .05343296849301262 .04881380872752635 ];
Cout__1 = 0:.1:10;

